id:1
time:2008-02-02 15:36:08
coordinate:116.51172,39.92123
--------------------------
id:8121
time:2008-02-05 17:09:28
coordinate:116.51172,39.92123
--------------------------
id:1
time:2008-02-02 15:36:08
coordinate:116.51172,39.92123
--------------------------
id:8121
time:2008-02-05 17:09:28
coordinate:116.51172,39.92123
--------------------------
